
                        S T E P       1


     E I G E N V A L U E   O U T P U T

 MODE NO    EIGENVALUE                       FREQUENCY   
                                     REAL PART            IMAGINARY PART
                           (RAD/TIME)      (CYCLES/TIME     (RAD/TIME)

      1   0.2061492E+09   0.1435790E+05   0.2285131E+04   0.0000000E+00
      2   0.8763934E+09   0.2960394E+05   0.4711614E+04   0.0000000E+00
      3   0.8764588E+09   0.2960505E+05   0.4711790E+04   0.0000000E+00
      4   0.2308130E+10   0.4804300E+05   0.7646281E+04   0.0000000E+00
      5   0.2309546E+10   0.4805773E+05   0.7648626E+04   0.0000000E+00
      6   0.2987065E+10   0.5465405E+05   0.8698463E+04   0.0000000E+00
      7   0.4826340E+10   0.6947186E+05   0.1105679E+05   0.0000000E+00
      8   0.4827492E+10   0.6948015E+05   0.1105811E+05   0.0000000E+00
      9   0.6787351E+10   0.8238538E+05   0.1311204E+05   0.0000000E+00
     10   0.6787636E+10   0.8238711E+05   0.1311232E+05   0.0000000E+00
     11   0.8765357E+10   0.9362348E+05   0.1490064E+05   0.0000000E+00
     12   0.8769495E+10   0.9364558E+05   0.1490416E+05   0.0000000E+00
     13   0.1271730E+11   0.1127710E+06   0.1794806E+05   0.0000000E+00
     14   0.1272471E+11   0.1128039E+06   0.1795329E+05   0.0000000E+00
     15   0.1405313E+11   0.1185459E+06   0.1886717E+05   0.0000000E+00
     16   0.1446939E+11   0.1202888E+06   0.1914455E+05   0.0000000E+00
     17   0.1447137E+11   0.1202970E+06   0.1914587E+05   0.0000000E+00
     18   0.2120641E+11   0.1456242E+06   0.2317681E+05   0.0000000E+00
     19   0.2121109E+11   0.1456403E+06   0.2317937E+05   0.0000000E+00
     20   0.2226662E+11   0.1492200E+06   0.2374910E+05   0.0000000E+00

     P A R T I C I P A T I O N   F A C T O R S

MODE NO.   X-COMPONENT     Y-COMPONENT     Z-COMPONENT     X-ROTATION      Y-ROTATION      Z-ROTATION

      1   0.2104586E-17   0.1656029E-17  -0.2736636E-02  -0.2067878E-05  -0.1685979E-04  -0.3465074E-16
      2   0.9951049E-18  -0.1301466E-17  -0.5488165E-07  -0.1217640E-01   0.5207066E-01   0.1447219E-16
      3  -0.1965408E-17  -0.2784409E-17  -0.1670205E-07   0.5206902E-01   0.1217604E-01   0.1160378E-15
      4  -0.8980137E-18   0.1086307E-17  -0.1529273E-06  -0.2274110E-05  -0.6624912E-07   0.6899316E-16
      5  -0.6043686E-17   0.2116365E-17  -0.2212314E-06  -0.3467811E-06  -0.4846839E-06  -0.1159228E-16
      6   0.9232659E-18  -0.8396214E-18  -0.1554181E-02  -0.6974467E-06  -0.6768844E-05  -0.5600455E-16
      7  -0.5905408E-18   0.4056758E-17   0.1186829E-06   0.3462872E-04  -0.5157412E-05   0.1370288E-17
      8  -0.4882245E-17  -0.1911383E-17  -0.6478894E-06   0.1841404E-05   0.2786765E-04  -0.2727901E-16
      9   0.1111943E-17   0.2555869E-17  -0.1163303E-06  -0.1398968E-01   0.3451672E-01   0.1074080E-16
     10  -0.1419925E-17   0.7194208E-17   0.6007813E-07  -0.3451546E-01  -0.1398977E-01  -0.5960100E-16
     11   0.2482865E-18  -0.4403513E-18  -0.5915777E-06  -0.1298288E-04   0.5079774E-04   0.3779726E-16
     12  -0.4878751E-17  -0.2299642E-17  -0.8594777E-07  -0.9730187E-05  -0.4566728E-06  -0.1036690E-15
     13   0.2008103E-17  -0.6536831E-17  -0.1899243E-06  -0.4781506E-05  -0.7937725E-06  -0.7494375E-16
     14  -0.9669675E-17  -0.3892858E-17   0.3566302E-06   0.1828255E-05   0.6963015E-06   0.1582800E-15
     15   0.2222138E-17   0.8489176E-17  -0.1081889E-02   0.1677043E-06   0.6120125E-06  -0.1094282E-16
     16   0.2556451E-17   0.6891116E-17   0.1044898E-04   0.5615720E-05  -0.6990315E-05  -0.1340468E-15
     17   0.2639672E-17   0.6539240E-17  -0.6112538E-05   0.5020253E-05   0.6966123E-05  -0.3954214E-17
     18   0.1776577E-16   0.1391146E-17   0.9878772E-07   0.5687944E-04  -0.6049926E-05   0.2134578E-15
     19   0.5889833E-16   0.5851177E-16  -0.4356073E-06   0.3793447E-05   0.4673370E-04   0.7021670E-16
     20  -0.1439294E-15   0.4564524E-16  -0.1088922E-06  -0.8709105E-04   0.3441028E-04  -0.1180092E-16

     E F F E C T I V E   M O D A L   M A S S

MODE NO.   X-COMPONENT     Y-COMPONENT     Z-COMPONENT     X-ROTATION      Y-ROTATION      Z-ROTATION
