
                        S T E P       1


     E I G E N V A L U E   O U T P U T

 MODE NO    EIGENVALUE                       FREQUENCY   
                                     REAL PART            IMAGINARY PART
                           (RAD/TIME)      (CYCLES/TIME     (RAD/TIME)

      1   0.2061492E+09   0.1435790E+05   0.2285131E+04   0.0000000E+00
      2   0.8763934E+09   0.2960394E+05   0.4711614E+04   0.0000000E+00
      3   0.8764588E+09   0.2960505E+05   0.4711790E+04   0.0000000E+00
      4   0.2308130E+10   0.4804300E+05   0.7646281E+04   0.0000000E+00
      5   0.2309546E+10   0.4805773E+05   0.7648626E+04   0.0000000E+00
      6   0.2987065E+10   0.5465405E+05   0.8698463E+04   0.0000000E+00
      7   0.4826340E+10   0.6947186E+05   0.1105679E+05   0.0000000E+00
      8   0.4827492E+10   0.6948015E+05   0.1105811E+05   0.0000000E+00
      9   0.6787351E+10   0.8238538E+05   0.1311204E+05   0.0000000E+00
     10   0.6787636E+10   0.8238711E+05   0.1311232E+05   0.0000000E+00
     11   0.8765357E+10   0.9362348E+05   0.1490064E+05   0.0000000E+00
     12   0.8769495E+10   0.9364558E+05   0.1490416E+05   0.0000000E+00
     13   0.1271730E+11   0.1127710E+06   0.1794806E+05   0.0000000E+00
     14   0.1272471E+11   0.1128039E+06   0.1795329E+05   0.0000000E+00
     15   0.1405313E+11   0.1185459E+06   0.1886717E+05   0.0000000E+00
     16   0.1446939E+11   0.1202888E+06   0.1914455E+05   0.0000000E+00
     17   0.1447137E+11   0.1202970E+06   0.1914587E+05   0.0000000E+00
     18   0.2120641E+11   0.1456242E+06   0.2317681E+05   0.0000000E+00
     19   0.2121109E+11   0.1456403E+06   0.2317937E+05   0.0000000E+00
     20   0.2226662E+11   0.1492200E+06   0.2374910E+05   0.0000000E+00

     P A R T I C I P A T I O N   F A C T O R S

MODE NO.   X-COMPONENT     Y-COMPONENT     Z-COMPONENT     X-ROTATION      Y-ROTATION      Z-ROTATION

      1   0.2779499E-17   0.4238341E-18  -0.2736636E-02  -0.2067878E-05  -0.1685979E-04  -0.3457038E-16
      2  -0.5988682E-17   0.5450101E-17  -0.5488165E-07  -0.1217640E-01   0.5207066E-01  -0.2154556E-15
      3  -0.4490625E-17  -0.5466327E-17  -0.1670205E-07   0.5206902E-01   0.1217604E-01   0.2364787E-15
      4   0.5642034E-17  -0.8470462E-18  -0.1529273E-06  -0.2274110E-05  -0.6624912E-07  -0.1196627E-15
      5  -0.6655058E-17  -0.2794213E-16  -0.2212314E-06  -0.3467811E-06  -0.4846839E-06   0.5946542E-15
      6  -0.6432739E-17  -0.2168150E-16  -0.1554181E-02  -0.6974467E-06  -0.6768844E-05  -0.3059110E-15
      7  -0.4114913E-17  -0.2292087E-16   0.1186829E-06   0.3462872E-04  -0.5157412E-05   0.2818960E-15
      8  -0.3849341E-17  -0.8436713E-17  -0.6478894E-06   0.1841404E-05   0.2786765E-04   0.3142990E-16
      9   0.2264437E-17  -0.9952743E-17  -0.1163303E-06  -0.1398968E-01   0.3451672E-01   0.1850030E-15
     10   0.2988630E-17  -0.2614661E-16   0.6007813E-07  -0.3451546E-01  -0.1398977E-01  -0.5845876E-15
     11  -0.1530888E-16  -0.3378719E-16  -0.5915777E-06  -0.1298288E-04   0.5079774E-04   0.2792308E-16
     12   0.7359525E-17   0.2433457E-16  -0.8594778E-07  -0.9730187E-05  -0.4566728E-06  -0.7821623E-15
     13  -0.9048112E-17   0.3181237E-17  -0.1899243E-06  -0.4781506E-05  -0.7937725E-06  -0.2815704E-16
     14  -0.1132843E-16  -0.5541925E-17   0.3566302E-06   0.1828255E-05   0.6963015E-06  -0.5936130E-15
     15   0.5314073E-17  -0.1420855E-16  -0.1081889E-02   0.1677043E-06   0.6120125E-06   0.3011109E-15
     16  -0.7477395E-17   0.1066898E-16   0.1044898E-04   0.5615720E-05  -0.6990315E-05   0.1682541E-15
     17   0.2343168E-16  -0.4112870E-16  -0.6112538E-05   0.5020253E-05   0.6966123E-05   0.2302639E-14
     18   0.4260682E-17  -0.1234421E-15   0.9878772E-07   0.5687944E-04  -0.6049926E-05   0.1667990E-15
     19   0.6905023E-16  -0.1736947E-18  -0.4356073E-06   0.3793447E-05   0.4673370E-04  -0.7199454E-15
     20  -0.1101072E-15  -0.1045311E-14  -0.1088922E-06  -0.8709105E-04   0.3441028E-04   0.1304528E-14

     E F F E C T I V E   M O D A L   M A S S

MODE NO.   X-COMPONENT     Y-COMPONENT     Z-COMPONENT     X-ROTATION      Y-ROTATION      Z-ROTATION
