| case | mesh | iters | wall s | peak RSS GB | CA | CN | CMy (nose, D) | x_cp/D | CA_nose | CN_nose | CN_body | CN_fins | CA_fins | CA_base | mean Cp nose (x>0.06) |
|---|---|---|---|---|---|---|---|---|---|---|---|---|---|---|---|
| m01_a4_sf3_inc | rocket_sf3.su2 | 102 | 291 | 2.13 | 0.3270 | 0.5394 | -4.1836 | 7.756 | -0.0248 | 0.0814 | 0.1563 | 0.3017 | 0.0062 | 0.3452 | -0.0280 |
| m01_a4_sf3_roe | rocket_sf3.su2 | 495 | 1166 |  | 0.4555 | 0.5110 | -4.2281 | 8.274 | -0.0979 | 0.0520 | 0.1548 | 0.3043 | -0.0035 | 0.5543 | -0.0946 |
| m01_a4_sf3_roe_lmcorr | rocket_sf3.su2 | 250 | 787 | 2.22 | 0.2520 | 0.5978 | -5.0188 | 8.395 | -0.0239 | 0.0801 | 0.1380 | 0.3797 | 0.0084 | 0.2671 | -0.0281 |
| m2_a0_sf2 | rocket_sf2.su2 | 126 | 394 | 2.82 | 0.2605 | -0.0025 | 0.0044 |  | 0.0858 | -0.0011 | 0.0002 | -0.0016 | 0.1102 | 0.0645 | 0.0872 |
| m2_a0_sf2_K0.3 | rocket_sf2.su2 | 150 | 466 | 2.83 | 0.2641 | -0.0014 | -0.0037 |  | 0.0865 | -0.0007 | 0.0002 | -0.0009 | 0.1130 | 0.0647 | 0.0878 |
| m2_a0_sf3 | rocket_sf3.su2 | 83 | 200 | 2.12 | 0.1869 | -0.0031 | -0.0231 |  | 0.0783 | -0.0008 | -0.0098 | 0.0075 | 0.0878 | 0.0207 | 0.0805 |
| m2_a0_u1.4 | rocket_u1.4_small.su2 | 150 | 940 | 5.67 | 0.2934 | 0.0045 | -0.0375 |  | 0.0902 | 0.0003 | 0.0017 | 0.0025 | 0.1193 | 0.0838 | 0.0910 |
| m2_a0_u2.0 | rocket_u2.0_small.su2 | 75 | 166 | 2.04 | 0.2626 | 0.0050 | -0.0501 |  | 0.0859 | -0.0010 | 0.0051 | 0.0010 | 0.1129 | 0.0637 | 0.0872 |
| m2_a0_u2.8 | rocket_u2.8_small.su2 | 150 | 117 | 0.79 | 0.1807 | -0.0096 | 0.0982 |  | 0.0791 | -0.0015 | 0.0009 | -0.0090 | 0.0866 | 0.0150 | 0.0809 |
| m2_a4_sf2 | rocket_sf2.su2 | 112 | 336 | 2.92 | 0.2604 | 0.5451 | -3.9079 | 7.169 | 0.0852 | 0.1162 | 0.1225 | 0.3064 | 0.1089 | 0.0663 | 0.0866 |
| m2_a4_sf3 | rocket_sf3.su2 | 80 | 183 | 2.19 | 0.1873 | 0.5196 | -3.7284 | 7.176 | 0.0787 | 0.1094 | 0.1238 | 0.2864 | 0.0864 | 0.0221 | 0.0809 |
| m2_a4_u1.4 | rocket_u1.4_small.su2 | 125 | 793 | 5.67 | 0.2951 | 0.5669 | -4.0927 | 7.219 | 0.0896 | 0.1221 | 0.1120 | 0.3328 | 0.1180 | 0.0875 | 0.0903 |
| m2_a4_u2.0 | rocket_u2.0_small.su2 | 80 | 181 | 2.04 | 0.2622 | 0.5512 | -3.9566 | 7.179 | 0.0853 | 0.1153 | 0.1277 | 0.3083 | 0.1118 | 0.0651 | 0.0865 |
| m2_a4_u2.8 | rocket_u2.8_small.su2 | 71 | 78 | 0.81 | 0.1799 | 0.5219 | -3.6636 | 7.020 | 0.0788 | 0.1083 | 0.1419 | 0.2717 | 0.0850 | 0.0162 | 0.0806 |
| rans_m2_a0_bl_sf3 | rocket_bl_sf3_split.su2 | 1 |  | 0.40 | 0.5213 | -0.0080 | 0.0478 |  | 0.1078 | -0.0016 | -0.0045 | -0.0019 | 0.1155 | 0.2755 | 0.1037 |
